cv_purple1 <- "#3F1E54"
cv_purple2 <- "#5C2D91"
cv_purple3 <- "#92278F"
cv_purple4 <- "#B63E97"
cv_purple5 <- "#BD84BA"
cv_blue1 <- "#1D184B"
cv_blue2 <- "#0E4E96"
cv_blue3 <- "#0072BC"
cv_blue4 <- "#00A0DC"
cv_blue5 <- "#61C2EE"
cv_teal1 <- "#073142"
cv_teal2 <- "#006864"
cv_teal3 <- "#00AAA5"
cv_teal4 <- "#29BEC6"
cv_teal5 <- "#97D5C9"
cv_green1 <- "#003A2A"
cv_green2 <- "#00713C"
cv_green3 <- "#00AE4D"
cv_green4 <- "#72BF44"
cv_green5 <- "#CADB36"
cv_orange1 <- "#921C1F"
cv_orange2 <- "#F04E30"
cv_orange3 <- "#F47920"
cv_orange4 <- "#F99D1C"
cv_orange5 <- "#FFC222"
cv_pink1 <- "#7C154D"
cv_pink2 <- "#C82254"
cv_pink3 <- "#EE2C72"
cv_pink4 <- "#F1729E"
cv_pink5 <- "#F49AC1"
cv_black1 <- "#000000"
cv_black2 <- "#4C4D4D"
cv_black3 <- "#747675"
cv_black4 <- "#9C9E9D"
cv_black5 <- "#C9CBCA"
cv_first_peoples_red <- "#D93A31"
cv_purple_pal <- c("#3F1E54", "#5C2D91", "#92278F", "#B63E97", "#BD84BA")
cv_blue_pal <- c("#1D184B", "#0E4E96", "#0072BC", "#00A0DC", "#61C2EE")
cv_teal_pal <- c("#073142", "#006864", "#00AAA5", "#29BEC6", "#97D5C9")
cv_green_pal <- c("#003A2A", "#00713C", "#00AE4D", "#72BF44", "#CADB36")
cv_orange_pal <- c("#921C1F", "#F04E30", "#F47920", "#F99D1C", "#FFC222")
cv_pink_pal <- c("#7C154D", "#C82254", "#EE2C72", "#F1729E", "#F49AC1")
cv_black_pal <- c("#000000", "#4C4D4D", "#747675", "#9C9E9D", "#C9CBCA")
cv_first_peoples_pal <- c("#000000", "#921C1F", "#D93A31", "#F99D1C", "#FFC222")
